TITLE Run free
AUTHOR Deep Chills/IVIE
BPM 125

KEYS
1 xxx.wave
2 qte.wave
3 yyy.wave

DIFFICULTY Easy

NOTES
0100 10.2
0010 15.0
0001 20.099999999999998
1000 20.39
1000 20.99
0100 21.299999999999997
1000 21.58
0001 22.069999999999997
0100 22.189999999999998
0010 22.499999999999996
1000 22.79
0001 23.27
0010 23.39
0010 23.7
0100 23.99
1000 24.169999999999998
0001 24.47
1000 24.59
0001 24.9
0100 25.19
0010 25.67
1000 25.79
0001 26.1
1000 26.39
0100 26.87
0010 26.99
0001 27.3
1000 27.59
0010 28.07
1000 28.189999999999998
0001 28.5
1000 28.79
0100 29.269999999999996
0010 29.389999999999997
0100 29.699999999999996
0010 29.99
0001 30.47
1000 30.589999999999996
0010 30.9
0100 31.189999999999998
0002 32.379999999999995
0003 33.3
1100 33.59
0010 34.19
1000 34.79
0001 35.27
0010 35.39
0100 35.7
1000 35.99
0002 36.17
0003 37.18
0002 37.79
0103 49.2
0001 49.65
1001 50.1
1000 52.49999999999999
0100 54.0
0110 55.5
1010 58.78999999999999
0001 59.38999999999999
0100 59.699999999999996
0001 59.989999999999995
1000 60.15
0010 60.589999999999996
1000 60.9
0100 61.19
1000 61.349999999999994
0010 61.79
0100 62.099999999999994
0001 62.39
1000 62.55
0010 62.989999999999995
1000 63.3
0010 63.589999999999996
1000 63.75
0001 64.19
0010 64.5
0100 64.78
0010 64.95
0001 65.39
1000 65.7
0001 65.99
1000 66.15
0010 66.59
0100 66.9
0001 67.19
1000 68.10000000000001
0100 68.39
1000 68.87
0001 68.99000000000001
1000 69.30000000000001
0010 69.59
0100 70.19
0001 70.5
1000 70.79
0100 70.95
1000 71.27
0001 71.38999999999999
1000 71.69999999999999
0001 71.99
0100 72.14999999999999
0001 72.47
0010 72.58999999999999
0001 72.89999999999999
0100 73.19
0001 73.5
1000 73.66999999999999
0010 73.78999999999999
1000 74.1
0100 74.39
0010 74.57
0100 74.86999999999999
1000 74.99
0001 75.3
0100 75.58999999999999
0010 76.07
1000 76.19
0010 76.5
0100 76.78999999999999
0001 77.27
0010 77.39
0001 77.7
1000 80.39
0010 80.85
1000 81.89
0001 82.21
0010 82.79
0100 83.26
1000 84.29
0010 84.60999999999999
0100 85.18999999999998
0001 88.05
0010 89.08999999999999
0100 89.99
1000 90.44999999999999
0010 91.49
0100 91.80999999999999
0001 92.86
1000 93.00999999999999
0100 93.89
0010 94.21
0001 95.26
0200 96.29
0300 98.69
1001 99.59
0001 100.07000000000001
0010 100.19
0100 100.5
1000 100.79
1100 101.39
0010 101.99
0001 102.46999999999998
0100 102.58999999999999
0001 102.89999999999999
0100 103.19
0001 103.66999999999999
1000 103.78999999999999
0100 104.1
1000 104.38999999999999
0010 104.86999999999999
1000 105.3
0001 105.58999999999999
1000 105.77
0001 106.07
1000 106.19
0100 106.78999999999999
0010 107.27
0001 107.39
1000 107.7
0010 107.99
1000 108.47
0001 108.58999999999999
0010 109.19
0100 109.67
1000 109.78999999999999
0001 110.39
0100 110.87
0001 110.99
0100 111.3
0010 111.59
1000 112.5
0001 112.79
0010 113.39
0100 113.7
1000 113.99
0001 114.47
0100 114.59
0010 114.9
0100 115.19
0001 115.66999999999999
1000 115.77999999999999
1000 116.1
0100 116.38999999999999
0010 116.99
0010 117.3
0001 117.58999999999999
1000 118.18999999999998
0010 120.6
0100 122.39999999999999
0001 123.0
0010 124.8
0100 125.39999999999999
0010 126.0
0001 126.28999999999999
1000 126.9
0001 128.4
1000 129.29999999999998
0010 129.6
1000 130.5
0001 130.65
0010 130.8
0100 131.4
0010 131.7
0001 132.0
1000 132.6
0010 133.2
0100 134.1
0001 134.70000000000002
0010 135.0
0100 135.3
1001 137.98999999999998
1000 138.47
0001 138.59
0100 138.9
0001 139.19
0010 139.35000000000002
0100 139.79000000000002
1000 140.10000000000002
0010 140.39
1000 140.54999999999998
1001 140.99
0001 141.29999999999998
0100 141.59
0010 142.19
1000 142.49999999999997
0010 142.79
0100 142.95
0001 143.39
0010 143.7
0100 143.98999999999998
1000 144.59
0010 145.19
0100 145.35
0001 145.79
0010 146.1
0001 146.39
1000 146.98999999999998
0010 147.29999999999998
0100 147.58999999999997
0001 147.75
1000 148.07
0100 148.19
1000 148.5
0010 148.79
0100 149.27
0001 149.39000000000001
0010 149.70000000000002
0001 149.98999999999998
1000 150.14999999999998
0001 150.47
0100 150.59
0001 150.89999999999998
0010 151.19
0100 151.79000000000002
1000 152.1
0010 152.39000000000001
1000 152.70000000000002
0001 152.99
0010 153.3
0100 153.59
1000 154.07
0001 154.19
0100 154.5
0010 154.79
1000 155.26999999999998
0100 155.39
0010 155.7
0100 156.46999999999997
1000 156.6
0010 156.89999999999998
0100 157.8
0001 158.27
0010 158.57
0100 159.0
1000 160.07
0001 160.2
2000 160.97
